image_width: 1280
image_height: 800
camera_name: camera_down_throttled
camera_matrix:
  rows: 3
  cols: 3
  data: [591.8550663004344, 0, 640.9101145332445, 0, 591.6408861589438, 380.89697154298074,
    0, 0, 1.0]
rectification_matrix:
  rows: 3
  cols: 3
  data: [1.0, 0.0, 0.0, 0.0, 1.0, 0.0, 0.0, 0.0, 1.0]
distortion_model: plumb_bob
distortion_coefficients:
  rows: 1
  cols: 5
  data: [-0.38149828718211004, 0.09778902641775812, 0.0005075160718008314, 0.001962803518652962,
    0.0]
projection_matrix:
  rows: 3
  cols: 4
  data: [371.2790832519531, 0.0, 646.5350842892694, 0.0, 0.0, 369.9143371582031, 381.25975948485575,
    0.0, 0.0, 0.0, 1.0, 0.0]
