image_width: 728
image_height: 544
camera_name: camera_front_throttled
camera_matrix:
  rows: 3
  cols: 3
  data: [865.5015434359183, 0, 372.0780015526816, 0, 861.8161267730076, 284.68832496794204,
    0, 0, 1.0]
rectification_matrix:
  rows: 3
  cols: 3
  data: [1.0, 0.0, 0.0, 0.0, 1.0, 0.0, 0.0, 0.0, 1.0]
distortion_model: plumb_bob
distortion_coefficients:
  rows: 1
  cols: 5
  data: [-0.5608652390097308, 0.2922424485242238, 0.0032727400812555705, 0.0030649154067279613,
    0.0]
projection_matrix:
  rows: 3
  cols: 4
  data: [697.2484130859375, 0.0, 377.64099536906724, 0.0, 0.0, 693.611083984375, 289.0382021707628,
    0.0, 0.0, 0.0, 1.0, 0.0]
