image_width: 728
image_height: 544
camera_name: camera_front_throttled
camera_matrix:
  rows: 3
  cols: 3
  data: [889.3459298686769, 0, 384.9805357940406, 0, 881.4580560931684, 230.61010052236765,
    0, 0, 1.0]
rectification_matrix:
  rows: 3
  cols: 3
  data: [1.0, 0.0, 0.0, 0.0, 1.0, 0.0, 0.0, 0.0, 1.0]
distortion_model: plumb_bob
distortion_coefficients:
  rows: 1
  cols: 5
  data: [-0.5425388399329464, 0.25352510449393023, 0.011735484540865357, 0.0005463353883171122,
    0.0]
projection_matrix:
  rows: 3
  cols: 4
  data: [731.2141723632812, 0.0, 390.92332393024117, 0.0, 0.0, 718.4548950195312,
    232.6190350163506, 0.0, 0.0, 0.0, 1.0, 0.0]
